 16  61
 42  32  32  32  32  32  32  32  32  32  32  32  32  32  43  32  32  32  32  32  32  47  32 124  32  32  32  44  45 126  32  47  32  32  32  32  32  32  32  32  32  32  32  32  32  43  32  32  32  32  32  32  32  32  32  32  32  32  32  32  32 
 32  32  32  32  32  46  32  32  32  32  32  32  32  32  32  32  32  32  32  32  89  32  58 124  32  32  47  47  32  32  47  32  32  32  32  32  32  32  32  32  32  32  32  32  32  32  32  46  32  32  32  32  32  32  32  32  32  42  32  32  32 
 32  32  32  32  32  32  32  32  32  46  32  32  32  32  32  32  32  32  32  32 124  32 106 106  32  47  40  32  46  94  32  32  32  32  32  42  32  32  32  32  32  32  32  32  32  32  32  32  32  32  32  32  32  32  32  32  32  32  32  32  32 
 32  32  32  32  32  32  32  32  32  32  32  32  32  32  32  42  32  32  32  32  62  45  34 126  34  45 118  34  32  32  32  32  32  32  32  32  32  32  32  32  32  32  46  32  32  32  32  32  32  32  32  42  32  32  32  32  32  32  32  32  46 
 42  32  32  32  32  32  32  32  32  32  32  32  32  32  32  32  32  32  32  47  32  32  32  32  32  32  32  89  32  32  32  32  32  32  32  32  32  32  32  32  32  32  32  32  32  32  32  32  32  32  32  32  32  32  32  32  32  32  32  32  32 
 32  32  32  46  32  32  32  32  32  46  32  32  32  32  32  32  32  32 106 111  32  32 111  32  32  32  32 124  32  32  32  32  32  46  32  32  32  32  32  32  32  32  32  32  32  32  43  32  32  32  32  32  32  32  32  32  32  32  32  32  32 
 32  32  32  32  32  32  32  32  32  32  32  32  32  32  32  32  32  40  32 126  84 126  32  32  32  32  32 106  32  32  32  32  32  32  32  32  32  32  32  32  32  32  32  32  32  32  32  32  32  43  32  32  32  32  32  46  32  32  32  32  32 
 32  32  32  32  32  32  43  32  32  32  32  32  32  32  32  32  32  32  62  46  95  45  39  32  95  46  47  32  32  32  32  32  32  32  32  32  43  32  32  32  32  32  32  32  32  32  32  32  32  32  32  32  32  32  32  32  32  32  32  32  32 
 32  32  32  32  32  32  32  32  32  32  32  32  32  32  32  47 124  32  59  45  34 126  32  95  32  32 108  32  32  32  32  32  32  32  32  32  32  32  32  32  32  32  32  32  32  32  32  32  32  32  32  32  32  32  32  32  32  32  32  32  32 
 32  32  46  32  32  32  32  32  32  32  32  32  32  32  47  32 108  47  32  44  45  34 126  32  32  32  32  92  32  32  32  32  32  43  32  32  32  32  32  32  32  32  32  32  32  32  32  32  32  32  32  32  32  32  32  32  32  32  32  32  32 
 32  32  32  32  32  32  32  32  32  32  32  32  32  32  92  47  47  92  47  32  32  32  32  32  32  46  45  32  92  32  32  32  32  32  32  32  32  32  32  32  32  32  32  32  32  32  32  32  32  32  32  32  32  32  32  32  32  32  32  32  32 
 32  32  32  32  32  32  32  43  32  32  32  32  32  32  32  89  32  32  32  32  32  32  32  32  47  32  32  32  32  89  32  32  32  32  32  32  32  32  32  32  32  32  32  32  32  32  32  32  32  32  32  32  32  32  32  32  32  32  32  32  32 
 32  32  32  32  32  32  32  32  32  32  32  32  32  32  32 108  32  32  32  32  32  32  32  73  32  32  32  32  32  33  32  32  32  32  32  32  32  32  32  32  32  32  32  32  32  32  32  32  32  32  32  32  32  32  32  32  32  32  32  32  32 
 32  32  32  32  32  32  32  32  32  32  32  32  32  32  32  93  92  32  32  32  32  32  32  95  92  32  32  32  32  47  34  92  32  32  32  32  32  32  32  32  32  32  32  32  32  32  32  32  32  32  32  32  32  32  32  32  32  32  32  32  32 
 32  32  32  32  32  32  32  32  32  32  32  32  32  32  40  34  32 126  45  45  45  45  40  32 126  32  32  32  89  46  32  32  41  32  32  32  32  32  32  32  32  32  32  32  32  32  32  32  32  32  32  32  32  32  32  32  32  32  32  32  32 
 32  32  32  32  32  32  32  32  32  32 126 126 126 126 126 126 126 126 126 126 126 126 126 126 126 126 126 126 126 126 126 126 126 126 126 126  32  32  32  32  32  32  32  32  32  32  32  32  32  32  32  32  32  32  32  32  32  32  32  32  32 
