 15  32
 32  32  32  32  32  32  32  32  32  32  32  32  32  32  32  32  32  32  32  32  32  32  32  32  32  32  32  32  32  32  95  95 
 32  32  32  32  32  32  32  32  32  32  32  32  32  32  32  32  32  32  32  32  32  47  92  32  32  32  32  46  45  34  32  47 
 32  32  32  32  32  32  32  32  32  32  32  32  32  32  32  32  32  32  32  32  47  32  32  59  32  46  39  32  32  46  39  32 
 32  32  32  32  32  32  32  32  32  32  32  32  32  32  32  32  32  32  32  58  32  32  32  58  47  32  32  46  39  32  32  32 
 32  32  32  32  32  32  32  32  32  32  32  32  32  32  32  32  32  32  32  32  92  32  32  59  45  46  39  32  32  32  32  32 
 32  32  32  32  32  32  32  46  45  45  34  34  34  34  45  45  46  46  95  95  47  32  32  32  32  32  96  46  32  32  32  32 
 32  32  32  32  32  46  39  32  32  32  32  32  32  32  32  32  32  32  46  39  32  32  32  32  96 111  32  32  92  32  32  32 
 32  32  32  32  47  32  32  32  32  32  32  32  32  32  32  32  32  32  32  32  32  32  32  32  32  96  32  32  32  59  32  32 
 32  32  32  58  32  32  32  32  32  32  32  32  32  32  32  32  32  32  32  32  32  32  92  32  32  32  32  32  32  58  32  32 
 32  46  45  59  32  32  32  32  32  32  32  32  45  46  32  32  32  32  32  32  32  32  32  96  46  95  95  46  45  39  32  32 
 58  32  32  59  32  32  32  32  32  32  32  32  32  32  92  32  32  32  32  32  44  32  32  32  59  32  32  32  32  32  32  32 
 39  46  95  58  32  32  32  32  32  32  32  32  32  32  32  59  32  32  32  58  32  32  32  40  32  32  32  32  32  32  32  32 
 32  32  32  32  92  47  32  32  46  95  95  32  32  32  32  59  32  32  32  32  92  32  32  32  96  45  46  32  32  32  32  32 
 32  32  32  32  32  59  32  32  32  32  32  34  45  44  47  95  46  46  45  45  34  96  45  46  46  95  95  41  32  32  32  32 
 32  32  32  32  32  39  34  34  45  45  46  46  95  58  32  32  32  32  32  32  32  32  32  32  32  32  32  32  32  32  32  32 
